  nodes=[
   -1.0000     -1.0000      ;
    1.0000     -1.0000      ;
    0.0000     0.73205      ;
   0.20000    -0.40000      ;
    0.0000    -0.20000      ;
  -0.20000    -0.40000      ;
    0.0000    -0.60000      ;
  -0.89861     -1.0000      ;
  -0.79721     -1.0000      ;
  -0.69582     -1.0000      ;
  -0.59098     -1.0000      ;
  -0.46165     -1.0000      ;
  -0.35639     -1.0000      ;
  -0.25113     -1.0000      ;
  -0.14586     -1.0000      ;
  -0.40600E-01 -1.0000      ;
   0.64664E-01 -1.0000      ;
   0.16993     -1.0000      ;
   0.27519     -1.0000      ;
   0.38045     -1.0000      ;
   0.48572     -1.0000      ;
   0.59098     -1.0000      ;
   0.69582     -1.0000      ;
   0.79721     -1.0000      ;
   0.89861     -1.0000      ;
   0.94930    -0.91219      ;
   0.89861    -0.82438      ;
   0.84612    -0.73346      ;
   0.78346    -0.62494      ;
   0.73083    -0.53378      ;
   0.67819    -0.44262      ;
   0.62556    -0.35146      ;
   0.57293    -0.26030      ;
   0.52030    -0.16913      ;
   0.46767    -0.77974E-01  ;
   0.41504     0.13186E-01  ;
   0.36241     0.10435      ;
   0.30977     0.19551      ;
   0.25714     0.28667      ;
   0.20451     0.37783      ;
   0.15209     0.46862      ;
   0.10139     0.55643      ;
   0.50697E-01 0.64424      ;
  -0.50697E-01 0.64424      ;
  -0.10139     0.55643      ;
  -0.15209     0.46862      ;
  -0.20451     0.37783      ;
  -0.26717     0.26930      ;
  -0.31980     0.17814      ;
  -0.37243     0.86980E-01  ;
  -0.42506    -0.41804E-02  ;
  -0.47769    -0.95341E-01  ;
  -0.53033    -0.18650      ;
  -0.58296    -0.27766      ;
  -0.63559    -0.36882      ;
  -0.68822    -0.45998      ;
  -0.74085    -0.55114      ;
  -0.79348    -0.64230      ;
  -0.84612    -0.73346      ;
  -0.89861    -0.82438      ;
  -0.94930    -0.91219      ;
   0.19359    -0.34976      ;
   0.17475    -0.30273      ;
   0.14471    -0.26195      ;
   0.10539    -0.23002      ;
   0.50245E-01 -0.20641     ;
  -0.50245E-01 -0.20641     ;
  -0.97267E-01 -0.22525     ;
  -0.13805    -0.25529      ;
  -0.16998    -0.29461      ;
  -0.19359    -0.34976      ;
  -0.19359    -0.45024      ;
  -0.17475    -0.49727      ;
  -0.14471    -0.53805      ;
  -0.10539    -0.56998      ;
  -0.50245E-01 -0.59359     ;
   0.50245E-01 -0.59359     ;
   0.97267E-01 -0.57475     ;
   0.13805    -0.54471      ;
   0.16998    -0.50539      ;
   0.19359    -0.45024      ;
   0.24776    -0.43432      ;
   0.22780    -0.49756      ;
   0.19440    -0.55553      ;
   0.14827    -0.60077      ;
   0.91874E-01 -0.63222     ;
   0.28807E-01 -0.65045     ;
  -0.38010E-01 -0.65374     ;
  -0.10515    -0.63551      ;
  -0.15961    -0.59713      ;
  -0.20203    -0.54887      ;
  -0.23266    -0.49244      ;
  -0.25123    -0.43262      ;
  -0.25766    -0.36940      ;
  -0.25866    -0.29300      ;
  -0.20680    -0.23210      ;
  -0.15273    -0.18952      ;
  -0.90933E-01 -0.16060     ;
  -0.27049E-01 -0.14984     ;
   0.38983E-01 -0.15293     ;
   0.10367    -0.17149      ;
   0.16077    -0.20411      ;
   0.20556    -0.25064      ;
   0.23645    -0.30778      ;
   0.25101    -0.37027      ;
   0.31452    -0.40493      ;
   0.21398    -0.62287      ;
  -0.21328E-02 -0.72388      ;
  -0.22648    -0.61648      ;
  -0.32141    -0.40739      ;
   0.17833E-01 -0.92047E-01 ;
   0.94268E-01 -0.10703     ;
  -0.63407E-01 -0.88497E-01 ;
   0.76328E-01 -0.44023E-01 ;
   0.16663    -0.13302      ;
  -0.86924    -0.92442      ;
  -0.79849    -0.82517      ;
  -0.74206    -0.73352      ;
  -0.68920    -0.64148      ;
  -0.63752    -0.54845      ;
  -0.58487    -0.45777      ;
  -0.53030    -0.36683      ;
  -0.47470    -0.27588      ;
  -0.42079    -0.18648      ;
  -0.36916    -0.95967E-01  ;
  -0.31864    -0.41528E-02  ;
  -0.26616     0.86765E-01  ;
  -0.21399     0.17908      ;
  -0.10355     0.37211      ;
  -0.50254E-01 0.47083      ;
   0.10225E-03 0.58132      ;
   0.50543E-01 0.47177      ;
   0.10220     0.37840      ;
   0.15343     0.28756      ;
   0.20685     0.19768      ;
   0.25775     0.10768      ;
   0.30832     0.14790E-01  ;
   0.36385    -0.77528E-01  ;
   0.41771    -0.16927      ;
   0.46640    -0.26755      ;
   0.51995    -0.35356      ;
   0.57453    -0.44289      ;
   0.62851    -0.53404      ;
   0.68268    -0.62767      ;
   0.79925    -0.82304      ;
   0.87019    -0.92457      ;
   0.74980    -0.91298      ;
   0.64246    -0.90914      ;
   0.53835    -0.90902      ;
   0.43298    -0.90844      ;
   0.32874    -0.90757      ;
   0.22435    -0.90803      ;
   0.11698    -0.90403      ;
   0.10945E-01 -0.90369     ;
  -0.94550E-01 -0.90729     ;
  -0.19947    -0.90680      ;
  -0.30561    -0.90725      ;
  -0.41344    -0.90930      ;
  -0.63451    -0.91051      ;
  -0.74699    -0.91231      ;
  -0.21681    -0.16147      ;
   0.23459    -0.17913      ;
   0.29492    -0.48350      ;
   0.26153    -0.55657      ;
   0.14988    -0.67015      ;
   0.75870E-01 -0.70274     ;
  -0.98986E-01 -0.72332     ;
  -0.17127    -0.67164      ;
  -0.43926E-01 -0.81327     ;
  -0.26942    -0.54940      ;
  -0.30125    -0.48012      ;
  -0.32298    -0.34203      ;
   0.30926    -0.32426      ;
   0.40372    -0.35898      ;
  -0.11825E-01 -0.19828E-01 ;
   0.54193E-01 0.30569E-01  ;
  -0.15852     0.27627      ;
   0.73813    -0.72455      ;
  -0.51937    -0.90861      ;
  -0.30076    -0.19128      ;
  -0.15980    -0.10113      ;
   0.27919    -0.24749      ;
   0.67427E-01 -0.80053     ;
   0.37576    -0.46010      ;
   0.36907    -0.25745      ;
   0.22921    -0.72010      ;
   0.29784    -0.63285      ;
  -0.30349    -0.62675      ;
  -0.41148    -0.36943      ;
  -0.38410    -0.46404      ;
  -0.10861    -0.76995E-02  ;
   0.12166     0.21629E-02  ;
  -0.38097E-01 0.81548E-01  ;
  -0.68962    -0.82250      ;
  -0.63648    -0.73134      ;
  -0.58653    -0.63927      ;
  -0.53645    -0.54619      ;
  -0.48117    -0.45633      ;
  -0.36516    -0.27481      ;
  -0.26393    -0.93306E-01  ;
  -0.21362    -0.53618E-02  ;
  -0.15850     0.85903E-01  ;
  -0.10774     0.18044      ;
  -0.99691E-03 0.37585      ;
   0.50625E-01 0.28477      ;
   0.10387     0.19829      ;
   0.15964     0.11364      ;
   0.19733     0.22950E-01  ;
   0.24903    -0.81959E-01  ;
   0.32024    -0.16566      ;
   0.47107    -0.44500      ;
   0.52717    -0.53581      ;
   0.58120    -0.62838      ;
   0.63530    -0.72226      ;
   0.69263    -0.81827      ;
   0.58780    -0.81731      ;
   0.48409    -0.81536      ;
   0.38105    -0.81339      ;
   0.27850    -0.81419      ;
   0.17692    -0.81652      ;
  -0.14596    -0.81892      ;
  -0.25306    -0.80591      ;
  -0.36520    -0.81924      ;
  -0.47280    -0.81962      ;
   0.34052    -0.55009      ;
   0.14004    -0.74218      ;
  -0.34750    -0.54922      ;
  -0.24870    -0.70407      ;
   0.15229    -0.56114E-01  ;
   0.12065     0.56351E-01  ;
   0.66384E-01 0.11176      ;
  -0.54177E-01 0.27886      ;
  -0.58024    -0.82127      ;
   0.42990    -0.54150      ;
   0.33373    -0.72178      ;
   0.38562    -0.63255      ;
  -0.38846    -0.63506      ;
  -0.32936    -0.72501      ;
  -0.43715    -0.54806      ;
  -0.53119    -0.73003      ;
  -0.48520    -0.63750      ;
  -0.57398E-03 0.18969      ;
   0.48139    -0.63015      ;
   0.53310    -0.72204      ;
   0.43134    -0.72061      ;
  -0.18403    -0.74519      ;
  -0.42736    -0.72925      ;
];                                        
