nodes =[ 
 -2.0000000e+00,  -2.0000000e+00;
 -2.0000000e+00,  -7.4765358e-01;
 -2.0000000e+00,  2.3417792e-01;
 -2.0000000e+00,  1.1120771e+00;
 -2.0000000e+00,  2.0271351e+00;
 -2.0000000e+00,  3.0000000e+00;
 -1.2412260e+00,  6.6373595e-01;
 -1.2144939e+00,  5.7537824e-02;
 -1.0953616e+00,  1.3017588e+00;
 -1.0902974e+00,  3.0000000e+00;
 -9.8465626e-01,  -1.0633977e+00;
 -9.6260636e-01,  -3.8156465e-01;
 -9.4315902e-01,  -2.0000000e+00;
 -9.1738061e-01,  2.0950898e+00;
 -6.6061801e-01,  5.8292459e-01;
 -5.9899115e-01,  1.6953450e-01;
 -4.7357254e-01,  -4.8252525e-01;
 -4.6935920e-01,  9.6938333e-01;
 -4.3869454e-01,  -1.1578698e-01;
 -3.5240530e-01,  1.4535343e+00;
 -3.2620725e-01,  -8.4634028e-01;
 -2.0589781e-01,  -1.3117668e+00;
 -1.9663474e-01,  1.1872508e-01;
 -1.7207648e-01,  3.0000000e+00;
 -1.6156890e-01,  -1.9429128e-01;
 -1.5959053e-01,  6.8580931e-01;
 -1.0076265e-01,  3.8325362e-01;
 -9.9982088e-02,  -2.0000000e+00;
 -8.6038856e-02,  -5.0312713e-01;
 -8.3717213e-02,  2.0829587e+00;
 0.0000000e+00,  0.0000000e+00;
 6.2183311e-03,  1.0367231e+00;
 6.2075550e-02,  -2.6261424e-01;
 9.5991901e-02,  -7.6235995e-02;
 1.1116468e-01,  1.6201762e-01;
 1.3244217e-01,  -8.3541698e-01;
 1.6377845e-01,  -4.7197280e-01;
 1.7231040e-01,  -1.3684754e-01;
 1.9739749e-01,  6.9542709e-01;
 2.1403440e-01,  1.4873576e+00;
 2.2768960e-01,  3.3184754e-01;
 2.6832489e-01,  -1.3365825e-01;
 2.8855646e-01,  -2.8380668e-01;
 3.6212594e-01,  -1.3054248e-01;
 3.6298963e-01,  1.0455122e+00;
 3.8335109e-01,  -5.0587494e-01;
 4.3787406e-01,  5.1054248e-01;
 4.5854791e-01,  -1.1707476e-01;
 4.6511145e-01,  -1.2896305e+00;
 4.9075755e-01,  -2.7928576e-01;
 4.9383029e-01,  -7.9628043e-01;
 5.5496987e-01,  -1.0360703e-01;
 5.7370558e-01,  2.1359550e+00;
 6.3483489e-01,  9.8319142e-01;
 6.4269137e-01,  1.4274472e+00;
 6.4503013e-01,  6.5860703e-01;
 6.5019623e-01,  -4.9109678e-01;
 6.5221444e-01,  -8.5677255e-02;
 6.7104716e-01,  -2.0000000e+00;
 6.7492855e-01,  -2.4934031e-01;
 7.0090411e-01,  3.0000000e+00;
 7.4945901e-01,  -6.7747479e-02;
 8.2445759e-01,  -2.1782845e-01;
 8.2975798e-01,  -8.4459596e-01;
 8.4725572e-01,  -4.7644788e-02;
 8.5054099e-01,  7.8774748e-01;
 8.8318426e-01,  1.1166179e+00;
 8.9160891e-01,  -4.4958430e-01;
 9.4505243e-01,  -2.7542098e-02;
 9.6422426e-01,  -2.0219054e-01;
 1.0225946e+00,  1.3968464e+00;
 1.0329361e+00,  1.7657644e+00;
 1.0432606e+00,  -6.4571655e-03;
 1.0549476e+00,  9.0254210e-01;
 1.0972238e+00,  -3.6125503e-01;
 1.0977579e+00,  -1.4103714e-01;
 1.1414687e+00,  1.4627767e-02;
 1.1555080e+00,  -6.9707565e-01;
 1.1606319e+00,  1.1917065e+00;
 1.1778979e+00,  -1.2527747e+00;
 1.2323633e+00,  -2.4243682e-01;
 1.2398556e+00,  3.5942429e-02;
 1.2454791e+00,  -1.0119086e-01;
 1.2585313e+00,  1.0053722e+00;
 1.2831771e+00,  2.2977979e+00;
 1.3308551e+00,  1.4641525e+00;
 1.3385377e+00,  5.7321041e-02;
 1.3472314e+00,  -4.5516959e-01;
 1.3765180e+00,  1.2154486e+00;
 1.3896278e+00,  -5.9948900e-02;
 1.4212429e+00,  -2.1631834e-01;
 1.4374894e+00,  7.8480715e-02;
 1.4523167e+00,  1.8036683e+00;
 1.4614623e+00,  1.0976790e+00;
 1.4844079e+00,  -2.0000000e+00;
 1.4923093e+00,  3.0000000e+00;
 1.5361457e+00,  9.9577228e-02;
 1.5402418e+00,  1.3202690e+00;
 1.5641000e+00,  -7.9482627e-01;
 1.5646063e+00,  1.1398473e+00;
 1.5786252e+00,  -6.9787752e-02;
 1.6103173e+00,  -3.9698210e-01;
 1.6351789e+00,  1.2014425e-01;
 1.6362944e+00,  1.5452676e+00;
 1.6638543e+00,  1.1804228e+00;
 1.6906525e+00,  1.3346519e+00;
 1.7342120e+00,  1.4071126e-01;
 1.7535698e+00,  -2.2162770e-01;
 1.7654831e+00,  1.2175979e+00;
 1.7658783e+00,  -6.3378789e-03;
 1.7834315e+00,  1.9242784e+00;
 1.8014939e+00,  1.3991916e+00;
 1.8334439e+00,  1.6046028e-01;
 1.8657880e+00,  1.2542887e+00;
 1.8688489e+00,  1.6014250e+00;
 1.8961109e+00,  2.3898346e+00;
 1.9216332e+00,  4.2321738e-02;
 1.9254387e+00,  -5.4597605e-01;
 1.9326757e+00,  1.8020930e-01;
 1.9366081e+00,  -1.6151730e-01;
 1.9383286e+00,  1.4126619e+00;
 1.9614056e+00,  -1.1946548e+00;
 1.9665561e+00,  1.2870397e+00;
 2.0320827e+00,  1.9893999e-01;
 2.0441595e+00,  1.7234357e+00;
 2.0588875e+00,  -1.6847902e-02;
 2.0606228e+00,  1.4955452e+00;
 2.0673243e+00,  1.3197907e+00;
 2.1299671e+00,  2.0215867e+00;
 2.1314896e+00,  2.1767067e-01;
 2.1335670e+00,  -3.0117062e-01;
 2.1547863e+00,  9.7276267e-02;
 2.1676566e+00,  3.0000000e+00;
 2.1679173e+00,  1.3485600e+00;
 2.1862330e+00,  1.5537112e+00;
 2.2135440e+00,  -6.4307282e-02;
 2.2310526e+00,  2.3522193e-01;
 2.2323992e+00,  1.7448260e+00;
 2.2685104e+00,  1.3773293e+00;
 2.2916525e+00,  1.1004628e-01;
 2.3211378e+00,  1.5422618e+00;
 2.3306156e+00,  2.5277318e-01;
 2.3350654e+00,  -2.0000000e+00;
 2.3573787e+00,  -2.4341580e-01;
 2.3580546e+00,  -6.3485840e-01;
 2.3582545e+00,  -1.0702425e-02;
 2.3689474e+00,  1.4022781e+00;
 2.3869083e+00,  1.6973385e+00;
 2.3946288e+00,  1.9538901e+00;
 2.4201837e+00,  2.3824168e+00;
 2.4302037e+00,  2.6899348e-01;
 2.4393843e+00,  1.3476138e-01;
 2.4693844e+00,  1.4272268e+00;
 2.4753427e+00,  1.5672239e+00;
 2.4992723e+00,  -4.4634795e-02;
 2.5300222e+00,  2.8525129e-01;
 2.5499766e+00,  1.7626881e+00;
 2.5696811e+00,  1.4484878e+00;
 2.5797014e+00,  1.4712073e-01;
 2.6009600e+00,  -3.0955096e-01;
 2.6278704e+00,  1.5955852e+00;
 2.6299681e+00,  3.0008361e-01;
 2.6520801e+00,  -8.1801519e-03;
 2.6644821e+00,  2.0354151e+00;
 2.6699778e+00,  1.4697487e+00;
 2.7055311e+00,  -1.1813851e+00;
 2.7249422e+00,  3.0000000e+00;
 2.7296831e+00,  3.1488168e-01;
 2.7359450e+00,  1.7458691e+00;
 2.7492729e+00,  1.5719707e-01;
 2.7701473e+00,  1.4874335e+00;
 2.8296295e+00,  3.2817756e-01;
 2.8299150e+00,  -1.1441722e-01;
 2.8703169e+00,  1.5051183e+00;
 2.8895169e+00,  -5.8804319e-01;
 2.8908427e+00,  1.6619954e+00;
 2.9107468e+00,  2.3772011e+00;
 2.9198465e+00,  1.9107346e+00;
 2.9295758e+00,  3.4147344e-01;
 2.9316628e+00,  1.4728713e-01;
 2.9703705e+00,  1.5193224e+00;
 3.0296283e+00,  3.5316728e-01;
 3.0704242e+00,  1.5335266e+00;
 3.0719600e+00,  -1.7021401e-01;
 3.0744310e+00,  1.7119504e+00;
 3.1116120e+00,  1.7125243e-01;
 3.1296807e+00,  3.6486113e-01;
 3.1703717e+00,  1.5443327e+00;
 3.1895855e+00,  2.0080590e+00;
 3.2180328e+00,  -2.0000000e+00;
 3.2214313e+00,  3.0000000e+00;
 3.2298307e+00,  3.7488045e-01;
 3.2703193e+00,  1.5551389e+00;
 3.2713472e+00,  -1.3423266e-02;
 3.2788699e+00,  2.2331021e-01;
 3.2850905e+00,  1.7302274e+00;
 3.3233349e+00,  -4.6473907e-01;
 3.3299807e+00,  3.8489978e-01;
 3.3701693e+00,  1.5626195e+00;
 3.3738406e+00,  2.3957173e+00;
 3.4302206e+00,  3.9318051e-01;
 3.4311936e+00,  2.7038611e-01;
 3.4541147e+00,  1.0341490e-01;
 3.4700193e+00,  1.5701002e+00;
 3.4797505e+00,  -1.0704115e+00;
 3.4803284e+00,  1.9037948e+00;
 3.5174753e+00,  -1.6672229e-01;
 3.5304605e+00,  4.0146123e-01;
 3.5697794e+00,  1.5743195e+00;
 3.5928011e+00,  2.4018249e-01;
 3.6307837e+00,  4.0794628e-01;
 3.6695395e+00,  1.5785388e+00;
 3.6807604e+00,  3.0000000e+00;
 3.6837272e+00,  2.7983091e-02;
 3.7258346e+00,  1.8103857e+00;
 3.7311069e+00,  4.1443132e-01;
 3.7526443e+00,  2.7373608e-01;
 3.7621746e+00,  -4.9878904e-01;
 3.7692163e+00,  1.5795537e+00;
 3.8037948e+00,  2.3431052e+00;
 3.8315072e+00,  4.1906953e-01;
 3.8611168e+00,  1.3958677e-01;
 3.8688931e+00,  1.5805687e+00;
 3.9083049e+00,  -1.2792156e-01;
 3.9319075e+00,  4.2370774e-01;
 3.9342441e+00,  1.7422948e+00;
 3.9410284e+00,  2.9416773e-01;
 3.9684928e+00,  1.5784305e+00;
 4.0258917e+00,  2.0077294e+00;
 4.0323796e+00,  4.2714754e-01;
 4.0456122e+00,  1.4718415e-01;
 4.0680925e+00,  1.5762923e+00;
 4.1133426e+00,  -2.0000000e+00;
 4.1238707e+00,  3.0000000e+00;
 4.1328517e+00,  4.3058734e-01;
 4.1416890e+00,  2.9745587e-01;
 4.1439234e+00,  -5.1629115e-02;
 4.1465596e+00,  1.7583979e+00;
 4.1676204e+00,  1.5717413e+00;
 4.1799426e+00,  -4.2115983e-01;
 4.2333906e+00,  4.3348160e-01;
 4.2507924e+00,  2.3937236e+00;
 4.2573801e+00,  1.5063818e-01;
 4.2671483e+00,  1.5671904e+00;
 4.2920271e+00,  -1.0280830e+00;
 4.3315180e+00,  1.7289747e+00;
